189
238
239
282
283
284
285
286
287
312
313
314
315
316
317
318
319
321
322
323
324
325
326
327
328
329
330
331
332
333
334
335
368
369
370
371
372
373
374
375
408
409
410
411
412
413
414
415
417
418
419
420
421
422
423
424
425
426
427
428
429
430
431
457
458
459
460
461
462
463
504
505
506
507
508
509
510
511
513
514
515
516
517
518
519
520
521
522
523
524
525
526
527
553
554
555
556
557
558
559
570
571
572
573
574
575
600
601
602
603
604
605
606
607
609
610
611
612
613
614
615
616
617
618
619
620
621
622
623
649
650
651
652
653
654
655
